0.003450
0.022494
0.068578
0.133192
0.189904
0.215338
0.202033
0.157561
0.097744
0.039208
-0.005875
-0.031983
-0.039788
-0.034105
-0.021367
-0.007479
0.003481
0.009656
0.011106
0.009113
0.005411
0.001576
-0.001336
-0.002882
-0.003132
-0.002473
-0.001396
-0.000330
0.000450
0.000839
0.000871
0.000664
0.000355
0.000061
-0.000146
-0.000242
-0.000241
-0.000177
-0.000089
-0.000008
0.000046
0.000070
0.000067
0.000047
0.000022
0.000000
-0.000014
-0.000020
-0.000018
-0.000012
-0.000005
0.000001
0.000004
0.000006
0.000005
0.000003
0.000001
-0.000000
-0.000001
-0.000002
-0.000001
-0.000001
-0.000000
0.000000
0.000000
0.000000
0.000000
0.000000
0.000000
-0.000000
-0.000000
-0.000000
-0.000000
-0.000000
-0.000000
0.000000
0.000000
0.000000
0.000000
0.000000
0.000000
-0.000000
-0.000000
-0.000000
-0.000000
-0.000000
-0.000000
0.000000
0.000000
0.000000
0.000000
0.000000
0.000000
-0.000000
-0.000000
-0.000000
-0.000000
-0.000000
0.000000
0.000000
